00335
00096
00000
00009
00164
00441
00812
01241
01699
02135
02516
02809
02980
03022
02929
02709
02380
01974
01522
01074
00661
00322
00090
00000
00012
00174
00454
00829
01264
01719
02154
02532
02816
02987
03022
02922
02696
02364
01954
01506
01054
00645
00309
00083
00000
00019
00183
00470
00848
01283
01738
02174
02548
02829
02990
03019
02916
02683
02348
01935
01483
01035
00629
00296
00077
00000
00022
00196
00483
00864
01303
01758
02190
02561
02838
02993
03019
02909
02670
02332
01916
01464
01016
00612
00287
00067
00000
00029
00206
00499
00883
01322
01777
02209
02574
02848
02999
03016
02899
02658
02312
01896
01445
00996
00593
00274
00061
00000
00032
00216
00516
00899
01341
01799
